11
18
23
34
58
101
156
222
304
402
521
615
737
823
875
875
875
875
875
875
875
875
875
875
875
875
875
875
875
875
875
875
875
875
875
875
875
875
875
875
875
875
875
875
875
875
875
875
875
875
875
875
875
875
875
875
875
875
875
875
875
875
875
875
875
875
875
875
875
875
875
875
875
875
875
875
875
875
875
875
875
875
875
875
875
875
875
875
875
875
875
875
875
875
875
875
875
875
875
875
1
2
2
3
3
3
5
7
11
19
34
57
89
140
222
337
518
742
1077
1591
1917
2381
3014
3819
4834
5849
6874
7751
8471
9029
9364
9633
9754
9852
9920
9950
9969
9984
9987
9992
9995
9997
9997
9997
10000
10000
10000
10000
10000
10000
10000
10000
10000
10000
10000
10000
10000
10000
10000
10000
10000
10000
10000
10000
10000
10000
10000
10000
10000
10000
10000
10000
10000
10000
10000
10000
10000
10000
10000
10000
10000
10000
10000
10000
10000
10000
10000
10000
10000
10000
10000
10000
10000
10000
10000
10000
10000
10000
10000
10000
2
4
4
6
8
11
19
29
45
69
114
169
243
345
451
517
582
666
737
799
799
799
799
799
799
799
799
799
799
799
799
799
799
799
799
799
799
799
799
799
799
799
799
799
799
799
799
799
799
799
799
799
799
799
799
799
799
799
799
799
799
799
799
799
799
799
799
799
799
799
799
799
799
799
799
799
799
799
799
799
799
799
799
799
799
799
799
799
799
799
799
799
799
799
799
799
799
799
799
799
18
26
38
56
86
145
237
356
549
843
1311
2022
3140
4830
7383
11267
16981
16
27
46
78
118
152
205
278
406
574
852
1248
1891
2809
3976
5613
7670
9990
12307
14484
14484
14484
14484
14484
14484
14484
14484
14484
14484
14484
14484
14484
14484
14484
14484
14484
14484
14484
14484
14484
14484
14484
14484
14484
14484
14484
14484
14484
14484
14484
14484
14484
14484
14484
14484
14484
14484
14484
14484
14484
14484
14484
14484
14484
14484
14484
14484
14484
14484
14484
14484
14484
14484
14484
14484
14484
14484
14484
14484
14484
14484
14484
14484
14484
14484
14484
14484
14484
14484
14484
14484
14484
14484
14484
14484
14484
14484
14484
14484
14484
